spawns:
  default:
    world: 7f69e1fa-33d3-4fcc-abf9-1035fd3eb7d8
    world-name: world
    x: 0.47527736408121696
    y: 64.0
    z: 0.4393899598236148
    yaw: -181.33251953125
    pitch: 90.0
